target
0.342
0.236
-0.051
0.042
0.333
0.193
-0.140
0.124
-0.110
0.325
-0.635
-0.717
-0.315
0.192
-0.142
-0.028
0.267
0.348
0.294
0.666
0.660
0.632
0.905
0.891
0.898
0.802
0.905
0.560
0.424
0.281
0.304
0.703
0.487
0.577
0.454
0.252
0.629
0.464
0.425
0.555
0.669
0.954
0.731
0.389
0.341
0.004
0.517
0.563
0.683
0.495
0.419
0.339
-0.078
0.323
0.077
0.236
0.363
0.143
0.749
0.614
0.665
0.046
-0.019
0.002
0.244
-0.064
0.090
-0.356
-0.555
-0.524
0.016
-0.486
-0.077
-0.144
0.490
-0.288
0.085
0.526
0.769
0.592
0.607
0.797
0.821
0.465
0.780
0.960
1.039
1.005
0.946
1.051
1.103
0.984
0.744
0.848
0.106
0.330
0.534
0.632
0.746
0.596
0.600
0.640
0.790
0.554
0.673
0.990
1.103
0.980
1.018
0.825
0.867
0.757
0.970
-0.065
-0.402
-0.436
-0.378
-0.235
-0.141
0.191
0.376
-0.025
-0.281
0.231
0.137
0.267
0.518
0.689
0.920
0.534
0.976
1.216
1.146
1.175
1.185
1.288
0.874
0.828
1.273
0.732
0.931
-1.069
-1.230
0.352
0.806
-1.226
0.535
0.236
0.784
-1.940
-2.109
-1.329
-0.890
-1.830
-1.666
-2.358
-1.777
-1.637
-1.508
-2.157
-2.859
-1.716
-0.586
-0.077
-0.236
0.186
0.756
0.559
0.845
0.929
1.060
0.884
0.430
1.211
1.155
1.055
1.054
1.292
0.731
1.119
0.762
1.199
1.185
0.099
0.798
0.830
0.933
0.274
0.760
0.550
0.662
0.981
0.844
0.543
0.695
0.265
0.043
0.244
-0.925
0.061
-0.274
0.030
0.256
-0.343
-0.573
0.126
-0.337
-0.181
-0.575
-1.061
-2.357
-1.115
-0.199
0.130
-0.171
0.280
0.409
0.431
0.564
0.434
0.760
0.927
-0.066
-2.103
-0.640
0.450
0.327
0.912
0.685
0.114
-0.008
-0.933
-1.781
-1.632
-0.973
-0.511
-0.546
0.048
-0.023
0.090
0.458
0.538
-0.638
-1.903
-1.733
-1.233
-0.958
-0.307
-0.645
-0.229
0.367
0.755
0.133
0.518
-0.935
-0.062
0.396
0.631
-0.598
0.090
0.268
0.452
0.905
0.319
0.058
1.153
1.181
0.692
0.553
-0.185
0.666
-0.249
0.085
-0.052
-0.147
-0.490
0.151
-0.569
-0.637
-0.896
-0.295
-0.785
-0.656
-0.891
-0.459
-0.955
-0.252
-0.023
0.133
-1.393
-0.260
-0.627
0.343
0.744
0.117
0.399
0.343
0.807
0.870
0.887
0.487
0.711
0.073
-0.794
-1.475
-1.980
-1.262
-2.192
-0.112
-2.433
-1.503
-0.296
-0.458
-0.119
0.326
0.255
0.492
0.543
0.470
0.341
0.130
0.242
0.629
0.828
1.357
0.172
-1.850
-0.492
0.211
-2.009
-0.272
0.232
0.292
0.341
-0.110
-0.287
0.076
0.546
0.511
0.389
0.219
0.018
0.872
0.971
0.496
0.805
0.972
0.639
0.627
0.489
0.371
0.001
0.299
0.640
-0.602
-0.578
0.130
-0.631
-0.316
0.949
1.044
-0.407
0.222
0.643
0.387
0.920
0.858
0.545
0.120
0.921
1.541
0.530
0.827
0.812
0.860
0.976
0.761
0.971
0.894
0.231
-0.179
0.396
0.701
0.821
0.838
0.232
0.724
1.129
0.748
0.839
0.857
0.489
0.683
0.632
0.851
-0.248
0.375
0.847
0.833
0.639
0.076
-0.698
-0.085
0.400
0.778
-0.194
0.166
0.091
-0.327
-1.562
-1.354
-0.360
0.010
0.473
0.180
-0.518
-0.453
-0.055
-0.243
-1.539
-0.248
0.243
0.201
-1.143
-1.127
-1.157
-0.876
-0.389
-0.896
-1.529
-1.919
-2.092
-1.556
-0.800
-0.337
-0.109
-0.263
-0.372
-1.101
-0.673
-0.003
-0.870
-0.770
-0.391
-0.026
0.566
0.265
-0.666
-0.219
0.345
0.623
0.626
0.612
0.641
0.723
0.700
0.286
0.670
0.517
0.383
-1.097
-1.665
-1.187
-1.199
-1.660
-1.110
-0.068
-0.793
-0.499
-0.601
-0.484
-1.975
-1.184
-0.482
-0.026
-0.071
-1.373
-1.386
-1.174
-1.762
-1.932
-1.562
-2.306
-2.420
-1.259
0.114
0.212
-0.080
-0.274
0.288
-0.328
-0.042
0.516
0.649
0.576
0.789
0.568
0.811
0.658
0.547
0.539
0.115
-1.580
-0.903
-0.560
-0.189
-0.109
-1.219
-0.940
0.406
-0.389
0.556
0.756
-0.426
0.514
0.676
1.008
1.112
0.982
0.901
0.711
0.759
0.500
-0.293
-1.809
-1.048
0.269
0.817
-1.649
-0.814
-0.511
0.193
0.395
0.429
-1.692
-1.986
-0.348
-1.808
-1.251
-2.043
-2.842
-0.918
-0.524
-0.955
-0.048
0.579
0.527
-0.050
0.378
0.523
-1.223
-0.350
-0.021
-0.045
-0.566
-1.916
-2.606
-1.869
-1.452
-0.994
-0.433
-0.593
-1.942
-1.306
-0.372
-0.171
0.123
0.504
-0.228
-1.032
-1.021
0.239
0.627
0.243
0.518
0.007
0.432
0.108
0.290
-0.126
-0.456
-1.697
-2.165
-2.578
-2.001
-1.075
-0.979
-1.715
-1.807
-1.041
-1.813
-2.184
-1.616
-1.931
-1.471
-0.335
-1.016
-0.550
-0.400
-1.026
0.251
-0.028
0.543
0.939
0.884
0.308
-0.327
-1.346
-0.431
-0.023
0.268
0.190
-0.247
-1.122
-1.961
-0.957
-1.133
-1.081
-0.719
-1.267
-2.140
-2.771
-1.317
-0.921
-0.710
-1.788
-1.063
-2.129
-1.750
-1.916
-0.890
-1.138
-1.691
-1.603
-1.899
-0.800
-0.166
0.428
0.439
0.448
0.290
0.592
0.174
0.407
-0.661
-2.435
-1.601
-0.603
-1.132
-0.744
-0.736
-0.335
-0.935
-0.827
-0.941
-1.798
-2.518
-2.356
-1.673
-0.785
-0.517
0.017
-0.110
0.081
0.264
-0.514
0.117
0.041
0.583
0.188
0.635
-0.045
0.512
0.515
-0.106
0.255
0.365
0.467
-0.616
-0.165
0.281
0.427
0.507
0.572
0.218
-0.277
-0.491
-0.399
-0.374
-0.329
0.426
0.526
-0.274
-0.619
-1.679
-0.130
-0.392
0.341
0.291
0.161
-0.473
-0.679
-0.827
-0.185
-0.424
-0.107
0.173
0.366
0.380
0.212
0.280
0.143
0.218
-0.002
0.193
0.180
0.289
0.154
-0.359
0.227
0.433
0.210
0.215
-0.007
0.410
-0.210
-0.021
0.397
0.148
-0.827
-0.333
-0.238
-0.076
-0.009
0.114
-0.034
-0.004
-0.082
-0.502
-0.720
-0.367
-1.169
-0.133
0.447
0.530
-0.076
-0.526
-1.237
-0.499
-0.196
-0.059
-0.243
0.057
-0.507
-2.011
-1.602
-0.538
0.158
0.019
0.416
0.049
-0.128
-0.191
-0.041
0.125
0.104
-0.547
-1.208
-0.223
-0.398
0.071
-0.057
-0.503
-0.106
-0.146
-2.141
-1.797
-1.481
-0.072
-0.051
-0.229
0.327
0.479
0.537
0.186
-0.388
-0.648
-0.212
-0.886
-2.004
-1.399
-1.252
-1.101
-1.675
-2.423
-1.470
-2.150
-1.835
-1.236
-0.558
0.149
0.123
0.417
0.340
0.249
-0.667
-0.770
-0.056
0.012
-0.456
-1.797
-1.172
-0.146
0.064
0.569
0.478
0.361
0.637
0.754
0.899
0.788
0.418
0.670
0.743
0.874
0.155
0.427
0.513
0.635
0.488
0.380
0.274
0.541
0.541
0.310
0.687
0.133
0.292
0.294
0.104
0.411
0.706
0.719
0.184
-0.318
0.086
-0.639
-1.935
-2.184
-1.121
-1.283
-2.379
-2.310
-1.068
-0.096
-0.330
0.078
0.341
0.356
0.301
-0.879
-0.792
-0.263
-0.068
-0.179
-0.074
-0.699
-0.089
0.108
-0.774
-1.695
-0.978
0.438
0.350
0.324
0.573
0.840
0.116
-1.334
-0.441
0.066
-1.215
-0.240
0.155
-0.115
0.330
0.251
0.255
0.415
0.379
0.312
-0.006
0.443
-0.044
0.086
-0.134
0.165
0.329
-1.489
-2.453
-2.063
-0.956
-1.470
-0.272
-0.330
0.293
0.038
0.279
-0.065
0.059
0.080
0.161
-0.894
-0.331
-0.416
-1.180
-2.020
-0.972
-0.281
-0.758
-0.470
-1.924
-2.151
-1.564
-0.274
-0.399
0.022
-0.453
-0.366
-0.239
0.014
0.183
0.267
-1.304
-0.465
0.162
0.079
0.409
-0.271
-0.530
-0.699
-1.065
-0.711
-0.566
-0.507
-0.710
-0.064
-0.240
0.372
0.821
0.578
0.879
0.561
0.857
0.630
0.139
-0.025
0.176
-0.577
0.128
-0.040
0.078
0.487
0.434
-1.256
-1.690
0.204
-1.197
-1.186
-0.377
-0.950
-0.724
-0.170
-0.071
-0.324
-0.790
-1.127
-0.724
-1.906
-2.137
-1.517
-0.225
0.200
-0.046
0.245
0.312
0.511
0.402
-0.304
-1.273
-0.150
0.333
0.278
0.153
-1.027
-0.399
-0.441
0.113
0.513
0.030
0.470
0.290
0.309
-0.089
-0.766
-0.541
-0.733
-0.071
0.047
0.479
0.076
0.439
0.748
0.882
0.712
0.768
1.010
-0.394
0.593
0.530
0.676
0.363
0.129
0.511
0.115
-0.169
-0.374
-0.048
-1.943
-1.449
-0.094
-0.276
0.193
0.365
0.600
-0.866
-1.948
-0.944
-1.461
-1.522
-0.622
0.144
0.529
0.331
0.174
-0.534
-0.006
0.352
0.295
0.290
0.510
0.742
0.357
-0.273
0.158
-0.915
0.085
0.398
0.136
-0.738
0.324
0.488
0.251
-0.509
-1.109
0.483
0.874
-0.266
-0.545
0.237
0.699
0.753
0.498
-0.428
-0.142
0.003
0.004
-1.476
-0.195
-0.312
0.242
0.110
-0.471
-1.267
-0.198
0.384
0.516
0.458
0.721
1.091
-0.209
0.234
-0.438
0.262
-0.371
0.879
0.590
-0.522
0.309
0.279
0.071
0.411
-0.276
0.857
1.046
-0.071
-0.639
-0.890
-1.127
-0.755
-0.771
-0.057
-0.013
0.318
0.214
0.105
-0.543
0.342
0.157
-0.214
0.364
-0.066
0.582
0.044
0.503
-0.485
-0.660
0.079
0.081
0.155
-0.311
-0.542
-0.273
0.258
0.299
0.682
0.597
0.277
0.607
0.613
1.042
0.678
0.707
-0.930
0.079
-0.663
-0.101
0.357
0.659
-0.070
-0.752
-1.545
-0.823
-0.100
-0.256
0.031
0.249
-0.268
-0.327
-0.084
0.111
-0.080
0.484
0.253
0.970
0.939
0.861
0.925
-0.272
-0.489
-0.330
-0.023
-0.213
0.288
0.636
0.935
1.024
0.954
0.973
0.464
0.803
0.819
0.655
0.488
0.504
0.249
0.271
0.595
-0.360
-0.151
0.154
-0.467
-0.376
-0.466
-0.249
-0.859
-0.295
0.015
0.224
0.208
-0.359
-0.146
0.105
-0.405
-1.129
-1.511
-1.012
-0.796
-0.234
-0.191
-0.349
-0.575
-0.626
-0.404
-0.164
-0.091
0.283
-0.202
-0.181
-0.110
-0.404
-0.300
-0.682
0.365
0.525
0.472
0.462
0.598
0.118
0.516
0.405
0.643
0.692
0.459
0.447
0.451
0.324
-0.324
-0.299
0.005
-0.282
-0.131
0.080
-1.286
-1.405
-1.715
-1.976
-1.968
-2.350
-1.512
-0.781
-0.045
0.119
0.357
0.236
0.339
0.561
0.634
0.527
0.208
0.256
-0.016
0.398
-0.123
-0.035
0.446
0.282
0.100
-0.584
-0.201
-0.084
0.463
0.444
0.473
0.574
0.472
0.408
0.627
0.503
0.041
-0.017
0.245
-0.591
0.079
-0.497
0.063
-0.819
-0.286
-0.497
-0.728
-0.532
-1.347
-1.723
-1.487
-1.682
-1.328
-1.430
-2.040
-2.039
-2.013
-2.549
-1.482
-0.780
-0.050
-1.408
-0.468
-1.625
-1.527
-0.624
-1.936
-1.325
-0.435
0.136
-0.235
-0.665
-0.277
-1.295
-1.244
-0.876
-0.726
-0.940
-0.463
0.062
-0.015
-0.182
0.105
0.458
0.582
0.168
0.037
-0.152
-0.195
0.159
-0.025
-1.833
-1.775
-1.098
-0.061
-0.470
-0.397
0.375
0.388
0.416
0.442
0.443
-0.845
-1.530
-0.256
0.284
-0.983
-1.003
-1.284
-2.086
-1.803
-1.342
-1.390
-1.367
-1.001
-0.592
-0.137
0.328
-0.504
-0.575
-1.229
-0.723
-1.099
0.033
-0.099
-0.684
0.102
-1.291
-0.204
0.355
-1.054
-1.072
-0.688
-0.263
-0.642
-1.743
-1.049
-0.509
-0.466
-0.635
-0.152
-1.408
-1.831
-2.265
-0.799
-0.247
0.213
0.741
0.075
-1.323
-2.085
-2.013
-2.523
-1.495
-1.205
-1.009
-1.393
-1.011
-1.583
-1.139
-1.813
-1.490
-0.241
0.281
0.015
-0.325
0.279
-0.957
-0.264
-0.211
-0.780
-1.234
-1.710
-2.131
-1.885
-1.938
-2.063
-1.754
-1.122
-0.863
-0.497
-0.866
-0.541
0.077
0.521
-0.929
-1.157
-1.588
-1.811
-0.806
-1.094
-1.577
-1.278
-1.719
-2.129
-1.843
-1.457
-1.060
-1.468
-2.143
-1.980
-0.903
-0.677
-0.659
-0.964
-1.785
-0.488
-0.337
-0.186
-0.043
-0.114
0.246
0.786
-0.014
0.686
0.926
0.785
1.277
1.426
1.297
0.953
1.019
-0.452
0.446
-0.498
0.569
-0.126
0.251
0.477
1.042
0.727
0.210
-0.022
-0.852
-0.147
0.728
-0.018
0.467
-0.027
0.480
0.854
0.909
0.729
0.858
0.749
0.859
0.505
0.886
0.876
0.681
-0.788
-1.450
-1.763
-0.730
-0.955
-0.538
0.457
0.446
0.521
0.741
0.514
1.270
1.059
0.558
1.195
0.760
0.783
0.965
1.203
0.915
0.440
0.928
-0.592
0.118
0.596
0.768
0.487
0.442
0.328
0.343
0.391
0.647
0.299
0.973
1.007
-0.398
0.579
-1.433
-0.337
0.597
0.843
0.831
1.162
0.916
0.113
0.557
1.141
1.132
0.781
-0.152
-0.925
-2.043
-2.235
-0.581
0.794
0.710
-1.297
-2.070
-2.023
-1.191
-0.954
-0.707
-0.655
-0.810
-0.452
0.177
0.083
0.211
0.479
0.454
0.827
0.481
0.684
0.976
0.926
0.918
1.198
1.231
1.112
-0.361
-0.190
0.017
-1.629
-2.063
-2.599
-2.889
-1.386
-0.084
0.582
0.623
0.803
0.943
0.839
0.693
0.578
0.817
0.869
0.059
-0.484
-1.449
-1.887
-2.226
-2.000
-1.616
-1.231
-1.152
-2.103
-1.260
-0.372
-0.099
0.818
0.373
-0.046
0.093
-0.267
-0.314
-0.101
0.342
0.321
0.367
-0.034
-0.931
0.475
0.705
1.074
1.247
1.332
1.292
1.350
1.141
1.412
1.305
1.330
1.381
1.450
1.338
1.374
1.450
1.644
1.586
1.597
1.651
1.588
1.220
1.519
1.446
1.243
1.391
1.276
1.374
1.423
1.506
1.488
1.656
1.534
1.105
-0.280
-2.248
-2.060
-2.136
-2.615
0.078
1.023
0.660
0.295
0.745
0.797
0.876
0.879
0.098
0.247
-0.027
0.235
0.725
-0.337
-0.759
0.251
0.795
0.995
0.427
0.635
0.590
1.054
1.117
1.308
1.310
0.564
1.087
1.542
1.385
1.045
0.867
0.955
1.198
0.985
1.008
1.346
1.229
1.228
1.315
1.306
0.694
0.826
1.204
-1.666
-1.479
-1.414
-0.390
-1.140
0.123
0.446
0.174
1.021
0.893
1.249
1.439
1.429
1.022
0.696
0.669
-1.129
-1.677
-2.243
-1.996
-0.292
-1.857
-1.939
-0.850
-0.778
-1.657
-2.275
-1.675
-1.172
-0.905
-0.177
0.133
-0.429
-0.754
-0.911
0.037
0.484
0.733
1.041
0.933
1.043
0.917
1.053
0.294
0.627
-0.391
0.495
0.538
0.334
0.601
0.949
1.064
0.400
1.196
0.788
0.881
0.277
0.310
0.289
0.257
0.166
-1.318
-1.017
-1.810
-2.022
-1.247
-0.782
-0.738
-2.172
-0.888
-1.382
-1.993
-0.623
-0.341
-0.584
-0.546
-1.377
-1.131
0.079
-1.170
-1.484
-1.916
-1.559
-1.724
-0.599
-2.281
-1.120
-1.868
-1.641
-0.057
1.117
1.099
1.327
1.074
1.006
-0.498
-1.384
-0.739
0.407
1.026
0.870
-1.515
-0.464
0.559
0.772
1.175
1.093
1.191
1.245
0.995
1.277
1.055
1.042
0.989
0.696
-0.801
-0.127
0.790
1.140
0.435
-0.567
-2.255
-1.048
-0.001
-0.752
0.757
0.835
0.808
-0.116
-0.214
-0.111
-0.705
0.296
1.078
0.773
0.442
0.864
0.986
0.815
0.383
-1.199
-0.442
-1.635
-2.083
-2.351
-0.658
-2.109
-0.197
0.488
0.873
0.778
0.628
0.602
-0.251
0.580
0.799
0.487
-1.244
-0.688
0.156
-0.229
-2.225
-0.745
-1.533
-0.480
0.511
1.215
1.028
0.913
-1.241
-0.576
0.583
0.089
-1.949
-0.212
-0.360
-1.164
0.501
0.367
-1.994
-1.608
-2.474
-1.859
-0.749
-1.084
-0.811
-0.774
-0.646
-0.554
-0.501
-0.168
-0.916
0.327
0.000
0.433
0.433
0.211
-0.621
-0.159
-0.619
-1.536
-0.369
-0.685
-0.776
-0.191
-1.031
-0.678
-0.033
0.708
0.867
0.913
0.680
0.888
0.160
-0.278
-0.278
-0.649
-0.434
0.119
0.369
0.042
-0.629
-0.446
-1.767
-2.474
-2.367
-2.371
-2.432