0.436
0.215
-0.013
0.122
0.249
0.226
-0.162
0.096
-0.177
0.309
-0.613
-0.602
-0.429
0.009
-0.093
0.007
0.105
0.276
0.283
0.525
0.489
0.534
0.895
0.746
0.929
0.673
0.823
0.595
0.286
0.196
0.372
0.744
0.322
0.427
0.530
0.083
0.489
0.369
0.384
0.447
0.564
1.052
0.666
0.402
0.406
0.068
0.474
0.575
0.621
0.483
0.394
0.370
-0.058
0.259
-0.009
0.101
0.264
0.154
0.751
0.572
0.740
0.145
0.046
0.062
0.208
0.104
-0.017
-0.193
-0.412
-0.455
-0.160
-0.314
-0.052
-0.237
0.326
-0.277
0.135
0.512
0.684
0.565
0.578
0.780
0.773
0.409
0.751
1.021
1.105
0.864
0.798
1.039
1.110
0.826
0.703
0.799
0.019
0.428
0.570
0.771
0.819
0.612
0.586
0.467
0.721
0.409
0.625
1.032
1.148
0.828
0.907
0.676
0.756
0.515
0.863
-0.144
-0.463
-0.265
-0.219
-0.217
-0.006
-0.029
0.073
0.037
-0.210
0.249
0.160
0.336
0.499
0.605
0.862
0.450
0.934
1.250
1.023
0.989
1.243
1.353
0.869
0.685
1.291
0.917
0.994
-0.762
-0.994
0.373
0.815
-0.945
0.624
0.261
0.584
-2.178
-2.248
-1.140
-0.956
-2.196
-1.635
-2.620
-1.911
-1.867
-1.744
-2.478
-2.978
-1.957
-0.662
0.065
-0.074
0.138
0.804
0.507
0.937
1.020
1.192
1.098
0.523
1.227
1.378
1.188
1.254
1.526
0.698
1.232
0.878
1.283
1.218
0.195
0.791
0.988
1.099
0.284
0.708
0.684
0.747
1.045
1.010
0.529
0.731
0.336
0.339
0.254
-0.651
0.153
-0.132
0.168
0.207
-0.654
-0.531
0.148
-0.237
-0.051
-0.473
-1.550
-2.813
-0.797
-0.112
0.099
-0.115
0.444
0.546
0.584
0.682
0.388
0.593
0.862
-0.465
-2.148
-0.437
0.280
0.426
1.090
0.571
0.057
-0.128
-1.393
-1.819
-1.945
-1.020
-0.453
-0.473
0.075
0.086
0.199
0.523
0.728
-0.739
-2.318
-1.844
-1.515
-0.632
-0.137
-0.524
-0.304
0.376
0.638
0.187
0.309
-1.388
-0.198
0.566
0.437
-0.289
0.240
0.376
0.381
0.888
0.443
0.158
1.218
1.329
0.601
0.458
-0.276
0.375
-0.134
0.260
0.023
-0.218
-0.517
-0.003
-0.654
-0.826
-0.966
-0.484
-0.857
-0.669
-0.656
-0.391
-0.672
-0.092
0.017
-0.045
-1.079
-0.254
-0.472
0.244
0.552
0.056
0.284
0.347
0.906
0.899
0.913
0.666
0.764
0.135
-0.999
-1.815
-1.533
-0.830
-2.061
0.079
-2.218
-1.292
-0.198
-0.414
-0.002
0.292
0.318
0.790
0.866
0.632
0.539
0.309
0.417
0.742
1.182
1.458
0.393
-2.266
-0.394
0.358
-2.340
-0.083
0.376
0.288
0.583
-0.136
-0.204
0.114
0.536
0.715
0.543
0.280
0.100
0.496
0.842
0.540
0.791
0.950
0.719
0.556
0.349
0.467
0.198
0.353
0.637
-0.459
-0.500
0.374
-0.161
0.223
0.962
0.914
-0.153
0.512
0.756
0.711
0.986
0.988
0.697
0.334
1.204
1.620
0.476
0.651
0.878
0.920
1.045
0.833
0.996
0.838
0.603
-0.037
0.465
0.624
0.684
0.690
0.163
0.587
1.119
0.584
0.741
0.808
0.386
0.630
0.522
0.846
-0.168
0.261
0.712
0.718
0.423
-0.090
-0.492
-0.273
0.277
0.743
-0.157
0.138
0.063
-0.120
-1.930
-1.533
-0.232
0.123
0.526
0.202
-0.380
-0.270
-0.115
0.224
-1.045
-0.398
0.256
0.082
-1.133
-1.261
-1.240
-0.964
-0.343
-0.948
-1.528
-2.215
-2.186
-1.730
-0.763
-0.481
-0.074
-0.080
-0.387
-1.227
-0.946
0.100
-0.327
-0.541
-0.269
0.143
0.693
-0.033
-0.571
0.004
0.587
0.883
0.858
0.781
0.800
0.818
0.718
0.328
0.772
0.129
0.074
-1.289
-1.594
-1.526
-1.246
-1.775
-1.103
-0.131
-0.988
-0.494
-0.738
-0.578
-2.124
-1.368
-0.648
-0.004
-0.395
-1.598
-1.256
-0.982
-1.718
-2.072
-1.555
-2.259
-2.248
-1.013
-0.115
0.037
-0.094
-0.269
0.218
0.072
0.054
0.571
0.724
0.393
0.752
0.449
0.656
0.620
0.722
0.594
0.211
-1.078
-0.662
-0.508
-0.256
-0.044
-1.017
-0.720
0.507
-0.067
0.670
0.467
-0.388
0.727
0.672
1.069
1.057
0.866
0.772
0.647
0.743
0.747
0.077
-1.399
-0.884
0.329
0.805
-1.338
-0.581
-0.346
0.341
0.465
0.559
-1.331
-2.168
-0.203
-1.933
-0.874
-1.864
-2.744
-0.980
-0.399
-0.890
0.051
0.314
0.399
0.143
0.308
0.401
-1.443
-0.221
0.100
-0.010
-0.359
-2.216
-2.491
-1.894
-1.136
-0.705
-0.343
-0.463
-2.370
-1.265
-0.350
-0.140
0.276
0.434
-0.037
-0.516
-0.979
0.361
0.519
0.119
0.318
-0.118
0.063
0.289
0.241
0.078
-0.298
-1.520
-2.367
-2.607
-1.974
-0.976
-0.620
-1.966
-2.033
-0.808
-1.766
-2.434
-2.019
-2.038
-1.486
0.065
0.299
-0.392
-0.209
-0.500
0.411
0.206
0.265
1.056
1.036
0.550
0.081
-1.475
-0.222
-0.028
0.318
0.169
-0.177
-0.877
-2.247
-0.961
-1.140
-1.236
-0.894
-1.640
-2.225
-2.991
-1.733
-0.873
-0.542
-2.276
-1.076
-2.538
-2.130
-1.893
-1.240
-1.313
-2.027
-2.054
-2.333
-1.142
-0.076
0.605
0.350
0.462
0.399
0.567
0.336
0.455
-0.770
-2.945
-1.581
-0.712
-1.304
-0.892
-0.743
-0.275
-0.903
-1.143
-1.402
-2.387
-2.728
-2.921
-2.451
-0.921
-0.306
0.205
0.005
0.288
0.543
-0.381
-0.025
-0.089
0.595
0.129
0.679
-0.166
0.441
0.561
-0.099
0.304
0.553
0.717
-0.383
-0.149
0.280
0.363
0.572
0.522
0.240
-0.106
-0.514
-0.397
-0.195
-0.248
0.162
0.449
-0.339
-0.441
-2.016
0.058
-0.037
0.306
0.185
0.133
-0.348
-0.735
-0.712
-0.417
-0.487
-0.194
0.128
0.438
0.399
0.241
0.522
0.203
0.230
0.009
0.145
0.053
0.334
0.008
-0.440
-0.099
0.237
0.048
0.117
-0.068
0.368
-0.124
-0.021
0.403
0.117
-0.614
-0.412
-0.394
-0.222
-0.110
0.155
-0.183
-0.224
-0.060
-0.509
-0.960
-0.380
-0.851
-0.206
0.414
0.595
-0.104
-0.494
-1.222
-0.607
-0.272
-0.263
-0.146
0.168
-0.355
-1.948
-1.467
-0.579
0.021
-0.117
0.384
0.008
-0.304
-0.252
-0.167
-0.045
-0.003
-0.472
-1.088
-0.314
-0.349
-0.074
-0.177
-0.514
-0.200
-0.440
-2.090
-1.862
-1.471
-0.083
0.033
-0.400
0.092
0.392
0.450
0.070
-0.356
-0.674
-0.307
-0.808
-2.219
-1.728
-1.298
-0.975
-1.569
-2.310
-1.700
-1.865
-1.531
-0.633
-0.236
0.254
0.211
0.439
0.192
0.209
-0.725
-0.726
-0.190
-0.279
-0.422
-1.560
-1.277
-0.194
0.086
0.596
0.425
0.172
0.496
0.676
0.777
0.736
0.305
0.549
0.798
0.751
-0.024
0.222
0.463
0.454
0.515
0.188
0.077
0.509
0.516
0.221
0.469
-0.107
0.092
0.092
0.038
0.244
0.580
0.589
0.223
-0.136
-0.098
-0.520
-1.999
-2.491
-0.983
-1.363
-2.516
-2.206
-1.072
-0.404
-0.060
0.092
0.374
0.389
0.398
-0.960
-0.776
-0.024
0.008
-0.021
-0.008
-0.700
-0.076
0.159
-0.690
-1.938
-1.084
0.465
0.525
0.436
0.654
0.972
0.044
-0.923
-0.298
-0.045
-1.583
-0.415
0.022
-0.146
0.334
0.285
0.328
0.253
0.295
0.114
-0.035
0.396
-0.070
0.022
0.068
0.327
0.024
-1.478
-2.660
-2.531
-0.626
-1.457
0.001
-0.026
0.239
0.014
0.286
-0.107
-0.225
-0.186
0.008
-0.947
-0.324
-0.521
-1.443
-2.405
-0.740
-0.260
-0.518
-0.413
-2.128
-2.144
-1.403
-0.197
-0.242
-0.020
-0.262
-0.363
-0.425
-0.266
-0.108
0.311
-1.145
-0.523
-0.054
-0.038
0.220
-0.276
-0.533
-0.532
-0.675
-0.715
-0.434
-0.420
-0.673
-0.344
-0.263
0.196
0.576
0.542
0.500
0.354
0.639
0.568
0.389
0.542
0.272
-0.530
0.193
0.047
0.078
0.426
0.335
-1.054
-1.507
0.053
-1.373
-1.401
-0.691
-1.146
-0.827
-0.286
-0.231
-0.298
-0.834
-0.971
-0.679
-2.037
-2.478
-1.567
-0.258
0.338
0.201
0.300
0.413
0.398
0.262
-0.079
-0.880
0.136
0.325
0.214
0.237
-1.046
-0.258
-0.156
0.498
0.658
-0.039
0.578
0.123
0.336
0.179
-0.451
-0.614
-0.803
0.163
0.538
0.667
0.066
0.464
0.778
0.946
0.606
0.726
0.718
-0.360
0.573
0.392
0.698
0.182
0.137
0.635
0.066
0.090
-0.213
-0.032
-2.031
-1.327
0.204
0.011
0.533
0.446
0.744
-0.718
-2.334
-0.524
-1.679
-2.099
-0.500
0.328
0.570
0.461
0.392
-0.398
0.248
0.586
0.426
0.500
0.633
0.910
0.491
0.087
0.262
-0.376
0.367
0.536
0.318
-0.326
0.471
0.632
0.468
-0.476
-1.067
0.404
0.910
0.577
-0.356
0.307
0.873
0.982
0.576
0.085
0.037
0.310
0.280
-1.232
-0.035
-0.225
0.508
0.380
-0.131
-0.977
-0.079
0.286
0.392
0.709
0.771
1.153
0.368
0.400
0.304
0.512
0.154
0.882
0.653
-0.142
0.077
0.439
0.499
0.692
0.377
0.882
1.070
0.603
0.010
-0.495
-1.065
-0.717
-0.398
-0.026
0.094
0.330
0.289
0.529
-0.062
0.408
0.284
0.245
0.483
0.477
0.809
0.547
0.605
0.092
-0.620
0.212
0.155
0.148
-0.105
-0.497
-0.111
0.513
0.429
0.888
0.600
0.323
0.633
0.533
0.821
0.208
0.518
-0.704
-0.122
-0.300
0.156
0.276
0.720
0.182
-0.690
-1.770
-0.686
0.024
-0.097
0.162
0.405
0.113
0.018
0.195
0.345
0.383
0.574
0.389
0.971
0.417
0.803
0.698
-0.201
-0.005
0.002
-0.103
-0.415
0.074
0.607
0.841
0.915
1.042
0.852
0.630
0.917
0.915
0.522
0.540
0.309
0.398
0.205
0.602
0.067
-0.083
0.148
0.012
-0.309
-0.540
-0.175
-0.667
-0.302
0.042
0.185
0.219
-0.172
0.067
0.075
-0.208
-0.763
-1.188
-0.975
-0.459
-0.350
-0.260
-0.326
-0.403
-0.396
-0.344
-0.032
0.096
0.300
0.055
-0.043
-0.232
0.159
0.058
-0.479
0.339
0.703
0.480
0.631
0.801
0.275
0.561
0.498
0.601
0.624
0.504
0.427
0.575
0.337
0.041
-0.157
0.161
-0.217
-0.079
0.009
-0.971
-1.024
-1.992
-2.176
-2.113
-2.142
-1.564
-0.419
0.331
0.221
0.239
0.162
0.110
0.317
0.354
0.523
0.358
0.414
0.190
0.473
0.351
0.074
0.515
0.244
0.239
-0.578
-0.208
0.028
0.524
0.589
0.616
0.620
0.597
0.645
0.711
0.457
0.350
-0.507
-0.106
-0.499
-0.044
-0.023
0.135
-0.731
-0.339
0.089
-0.234
-0.354
-1.376
-1.672
-1.416
-1.942
-1.433
-1.578
-2.542
-2.594
-2.476
-2.669
-1.682
-1.039
0.162
-0.439
-0.533
-1.163
-1.467
-0.024
-2.315
-1.619
-0.703
0.163
-0.178
-0.672
-0.467
-1.304
-1.389
-0.992
-0.731
-0.642
-0.093
0.326
0.019
-0.322
-0.076
0.446
0.460
0.259
0.089
-0.160
0.176
0.270
-0.167
-1.330
-1.907
-1.048
-0.127
-0.311
0.043
0.511
0.330
0.205
0.497
0.479
-0.757
-1.420
-0.434
0.124
-0.620
-0.729
-1.697
-2.123
-2.217
-1.300
-1.331
-1.705
-0.989
-0.642
0.041
0.456
-0.392
-0.428
-1.128
-0.553
-0.895
0.084
-0.087
-0.584
0.045
-0.997
0.032
0.190
-0.758
-0.533
-0.293
0.025
-0.544
-1.271
-0.947
-0.521
-0.562
-0.621
-0.382
-1.650
-2.037
-2.117
-1.125
-0.482
0.115
0.408
-0.125
-0.978
-1.718
-2.333
-2.750
-1.991
-1.354
-0.888
-1.314
-0.935
-1.850
-1.211
-1.101
-1.511
-0.127
0.508
-0.016
-0.247
0.398
-0.931
-0.259
-0.063
-0.742
-1.230
-1.569
-2.230
-2.009
-1.721
-1.728
-1.351
-0.727
-0.353
-0.255
-0.601
-0.199
0.369
0.473
-0.869
-1.487
-1.983
-1.811
-0.999
-1.580
-1.935
-1.648
-1.922
-2.247
-1.755
-1.591
-1.127
-1.479
-2.277
-1.705
-0.991
-0.663
-0.788
-1.194
-1.624
-0.545
-0.150
-0.117
0.244
-0.254
0.082
0.673
-0.218
0.257
0.639
0.191
0.834
0.449
0.710
0.192
0.462
-0.657
-0.303
-0.826
0.388
-0.653
-0.543
-0.008
0.500
0.215
-0.144
-0.262
-0.698
-0.585
0.098
-0.019
0.045
-0.397
0.133
0.305
0.456
0.421
0.328
0.404
0.517
0.149
0.477
0.610
0.466
-0.513
-1.433
-1.508
-1.044
-1.134
-0.444
0.547
0.105
0.755
0.320
0.299
0.845
0.207
0.119
1.050
0.492
0.651
0.815
1.108
0.902
0.133
0.738
-0.335
-0.257
0.270
0.558
0.454
0.256
0.021
0.189
0.236
0.250
-0.186
0.810
0.866
-0.490
0.600
-0.994
-0.377
0.323
0.791
0.179
1.020
0.722
-0.057
0.512
0.880
0.796
0.838
-0.078
-0.230
-1.702
-2.272
-0.464
0.717
0.215
-1.368
-2.592
-1.802
-0.901
0.035
0.045
0.645
-0.010
0.336
0.694
0.330
0.494
0.695
0.788
0.905
0.548
0.517
0.678
0.859
0.422
0.788
0.980
0.802
0.442
-0.258
-0.039
-1.099
-1.908
-2.839
-3.213
-1.099
0.031
0.958
0.909
0.775
0.782
0.799
0.497
0.242
0.317
0.228
0.239
0.127
-0.782
-1.093
-1.720
-2.384
-1.486
-1.259
-0.973
-1.378
-1.322
-0.226
0.292
0.687
0.552
0.097
0.269
-0.420
-0.336
0.017
0.214
0.093
-0.247
-0.506
-0.400
0.142
0.471
0.596
0.411
0.656
0.610
0.888
0.686
1.116
0.917
0.864
1.409
0.753
0.958
1.125
1.327
1.041
1.039
0.959
1.059
1.204
0.942
1.500
1.482
1.195
1.323
1.314
1.236
1.279
1.223
1.091
0.978
0.846
0.162
-0.534
-1.860
-2.429
-1.812
-2.225
0.220
1.183
0.713
0.821
1.072
0.985
1.006
0.832
0.643
0.277
0.281
0.183
0.735
0.135
-0.237
0.394
0.583
1.130
0.850
0.690
0.648
0.877
0.706
0.668
0.969
0.568
1.048
1.524
1.320
0.791
0.795
0.969
1.137
0.713
0.707
1.105
1.151
0.799
1.051
0.888
0.750
0.439
0.766
-0.548
-0.947
-0.891
-0.580
-0.510
-0.200
0.262
-0.124
0.873
1.020
0.764
0.895
0.762
0.576
0.215
0.319
-0.604
-0.998
-2.882
-2.325
-0.574
-1.926
-1.730
-0.601
-0.540
-1.299
-2.852
-2.072
-1.431
-0.983
0.046
0.400
-0.391
-0.403
-0.723
-0.149
0.371
0.589
0.820
0.705
0.823
0.727
0.826
0.007
0.460
-0.215
0.269
0.389
0.104
0.334
0.851
0.722
0.239
0.982
0.373
0.620
0.034
0.238
0.201
0.054
0.146
-1.373
-0.853
-1.267
-2.184
-1.274
-0.543
-0.474
-2.746
-0.766
-1.023
-2.140
-0.363
-0.139
-0.363
-0.276
-0.896
-0.824
0.141
-0.410
-0.816
-1.502
-1.532
-1.329
-0.300
-2.316
-0.950
-1.650
-1.103
0.239
0.989
0.649
0.545
0.490
0.626
-0.236
-0.651
-0.758
0.308
0.790
0.459
-0.136
-0.864
0.162
0.673
0.691
0.643
0.818
0.858
0.469
1.041
0.511
0.678
0.813
0.795
-0.110
0.398
0.787
0.822
0.540
-0.122
-1.998
-0.732
-0.068
-0.467
1.087
1.042
1.135
0.809
0.591
0.507
0.177
0.477
1.010
0.252
0.066
0.670
0.652
0.531
0.448
-1.133
-0.704
-1.687
-2.657
-2.627
-0.533
-2.521
-0.372
0.573
0.593
0.888
0.862
0.823
0.295
0.444
0.202
0.315
-0.707
-0.532
-0.199
0.169
-1.583
-0.709
-0.354
-0.356
0.613
0.974
0.846
0.895
-0.616
-0.511
-0.048
0.337
-1.945
-0.453
-0.158
-0.170
0.501
0.544
-0.928
-1.999
-2.613
-1.900
-0.350
-0.328
-0.938
-0.227
0.153
0.121
0.281
0.147
-0.170
0.358
0.328
0.665
0.638
0.377
-0.546
-0.047
-0.455
-0.957
-0.338
-0.459
-0.588
-0.024
-0.994
-0.810
-0.087
0.616
0.717
0.578
0.436
0.388
0.053
-0.276
-0.376
-0.676
-0.660
-0.206
0.275
0.155
-0.509
-0.355
-1.052
-2.343
-2.515
-2.477
-1.981
